function K = get_K_lqr(s_nom,u_nom)
% Calculate PID gains using LQR over nominal values
    K=[-122.475   0         94.868  -100.891   0          54.0914   0         -347.589  -27.386   0       -61.682   -70.498;
        0        -122.475  -94.868   0         -100.891  -54.0914   347.589   0         -27.386   61.682   0        -70.498;
        122.475   0         94.868   100.891   0          54.0914   0          347.589  -27.386   0        61.682   -70.498;
        0         122.475  -94.868   0          100.891  -54.0914  -347.589   0         -27.386  -61.682   0        -70.498];
end
