function K = get_K_pid(s_nom,u_nom)
% Calculate PID gains using LQR over nominal values
    K=[-94.8683298050508	-2.00486322045307e-13	67.0820393249937	-75.3443798275432	-1.34812804833266e-13	45.8375270227750	4.53325538450562e-13	-235.341543638044	-25.9807621135331	1.41042460463496e-13	-38.0111531667824	-61.1711486705084;
3.02202707302968e-13	-94.8683298050518	-67.0820393249937	1.43586127217327e-13	-75.3443798275439	-45.8375270227750	235.341543638046	4.40957285022642e-13	-25.9807621135332	38.0111531667828	4.97379915032070e-14	-61.1711486705085;
94.8683298050510	2.97275768677001e-13	67.0820393249937	75.3443798275432	1.82920161443058e-13	45.8375270227750	-3.75857968544834e-13	235.341543638043	-25.9807621135332	1.79369358188330e-14	38.0111531667824	-61.1711486705084;
-1.53876911213047e-13	94.8683298050512	-67.0820393249940	-1.34736149516704e-13	75.3443798275435	-45.8375270227752	-235.341543638044	-5.15890636116710e-13	-25.9807621135330	-38.0111531667825	-2.84217094304040e-14	-61.1711486705082];

end
