function K = get_K_lqr(s_nom,u_nom)
% Calculate PID gains using LQR over nominal values
    K=[-94.87	0	     67.08	 -75.34	 0	     45.84	 0	     -235.34   -25.98   0	   -38.01	-61.17;
        0	   -94.87   -67.08	  0	    -75.34	-45.84	 235.34	  0	       -25.98	38.01   0	    -61.17;
        94.87	0	     67.08	  75.34	 0	     45.84	 0	      235.34   -25.98	0	    38.01	-61.17;
        0	    94.87   -67.08	  0	     75.34	-45.84	-235.34	    0	   -25.98  -38.01   0	    -61.17];

end
